

[(0, 0.31249), (1, 0.68751)]

[(0, 0.23727596), (1, 0.76272404)]

[(0, 0.085444115), (1, 0.91455585)]

[(1, 0.9931545)]

Result when number of topic = 2

[(1, 0.2930761), (2, 0.70238316)]

[(1, 0.21815106), (2, 0.7784525)]

[(1, 0.08095162), (2, 0.9140824)]

[(0, 0.02957557), (2, 0.96626854)]


Result when number of topic = 3

[(1, 0.6661164), (2, 0.32712674)]

[(1, 0.57695603), (2, 0.41806215)]

[(0, 0.055994257), (1, 0.0781153), (2, 0.83596134), (3, 0.029929098)]

[(2, 0.99081695)]

Result when number of topic = 4

[(1, 0.24814159), (4, 0.74377733)]

[(1, 0.15185499), (4, 0.8421473)]

[(0, 0.056925785), (1, 0.061053686), (2, 0.12392343), (4, 0.75535107)]

[(3, 0.053820193), (4, 0.93905383)]

Result when number of topic = 5

[(2, 0.6888136), (5, 0.30225766)]

[(2, 0.76029944), (5, 0.23311459)]

[(1, 0.041872825), (2, 0.8393936), (5, 0.11200931)]

[(2, 0.904016), (3, 0.03797865), (4, 0.05210067)]

Result when number of topic = 6